60 39 11 21 14 6
14 66 53 48 9 3
4 51 55 63 31 2
56 35 4 33 25 11
54 57 41 53 32 6
38 38 25 15 42 8
52 61 63 54 56 26
61 31 66 31 38 11
49 58 39 15 56 12
38 7 3 43 43 24
11 53 43 56 9 3
23 31 69 19 2 3
42 8 31 62 9 5
14 47 10 5 50 13
18 51 27 59 58 1
58 18 2 30 50 1
13 64 15 42 8 26
7 39 59 8 47 3
23 14 44 16 32 26
35 17 65 6 62 9
40 9 66 19 28 12
54 32 59 62 43 21
28 12 28 33 45 21
14 32 19 41 11 4
63 34 68 40 38 10
31 31 27 9 15 22
4 56 58 52 40 11
9 61 19 27 10 1
52 14 37 8 42 25
49 68 66 48 58 23
39 4 38 64 29 10
11 69 51 61 41 2
52 22 47 13 50 17
39 57 54 67 19 16
11 17 42 63 48 6
27 16 18 65 29 11
50 39 63 60 30 2
66 46 7 34 65 24
63 9 42 21 32 6
3 10 38 57 3 6
13 64 63 69 5 17
50 68 36 53 25 9
22 43 65 22 12 13
33 46 27 46 58 18
27 14 7 60 1 19
65 13 7 37 64 26
48 53 63 50 46 22
37 30 6 45 67 3
45 50 57 26 56 1
57 26 19 44 61 24
51 50 21 41 31 2
59 60 62 10 19 6
34 35 3 50 44 12
1 54 29 1 41 3
34 22 14 28 1 13
37 66 13 21 62 23
6 44 50 61 34 9
43 60 42 67 24 14
58 26 28 55 46 26
10 33 35 56 26 4
21 6 39 68 10 21
12 3 62 15 6 3
62 67 29 21 6 24
9 5 20 42 43 15
31 47 31 56 25 17
63 63 7 62 38 6
41 29 44 39 6 18
28 46 41 27 21 7
15 18 36 39 31 20
60 37 7 26 25 1
44 61 42 25 52 10
56 27 5 7 3 25
69 37 64 1 69 7
4 35 23 38 58 1
56 57 42 37 6 5
24 43 49 34 55 18
55 11 21 69 40 6
59 30 60 27 49 4
53 41 12 39 43 4
31 5 18 15 4 1
60 44 4 56 45 10
25 30 65 59 23 20
61 50 10 57 16 6
64 44 2 16 20 2
5 6 69 56 41 16
31 50 54 53 55 14
38 18 44 17 35 19
28 58 30 16 4 20
56 35 9 49 36 23
12 41 57 13 30 2
62 14 33 53 58 25
10 23 56 4 38 1
45 45 62 26 47 7
39 31 23 35 25 23
65 17 11 7 69 12
50 30 47 51 66 16
40 59 34 63 16 16
8 7 8 27 62 18
54 19 50 16 22 9
18 28 2 64 37 9
