7782
4495
8994
7165
4404
428
788
2439
3411
9528
9665
3898
6330
4484
6984
1799
1365
4789
5966
2601
1965
6208
4222
6962
1363
4061
3903
704
167
8862
8612
1641
7855
5415
3051
5847
4041
4438
7460
7230
1253
4221
7164
9393
505
3320
7200
3840
7742
2444
3232
1291
2548
5427
2797
9300
6910
8610
7241
2063
5554
2535
6213
1602
9516
2930
2230
5606
511
4385
1704
3838
749
2931
2864
975
122
2146
9488
5254
2396
2782
9747
3677
9555
8684
796
3196
8338
7110
2534
3806
4696
2649
4733
3257
152
982
7826
1635
7091
7499
2825
7860
8845
667
6634
5424
4723
2391
2010
9270
4099
7064
8214
1996
7606
545
2909
6579
8656
5021
7643
4849
9759
7045
8692
8035
1674
8981
3248
8885
6584
1433
9029
4224
1441
9703
3302
912
3204
3773
5021
2017
6191
6553
5346
3534
5555
3799
111
7515
1407
6332
3790
2280
2262
4179
3026
7772
914
5961
3986
4994
7849
6232
3335
6015
7258
495
7604
1830
5340
4283
7923
5725
8078
2038
9971
726
3484
2104
848
1731
5834
845
471
3016
8037
5458
1540
8809
3244
5841
8395
6832
7297
2831
8077
3609
8683
2648
7279
5362
660
2471
1849
3262
4888
2208
5468
5348
8284
2039
668
3794
9937
7178
217
6274
6900
3248
7066
5244
3883
9946
2298
2416
3304
3344
4296
6653
3641
2869
4120
3306
9958
4203
6425
7538
3783
4000
4335
7456
466
531
5223
7278
565
455
9399
6610
5165
1745
4931
8185
4435
2530
9323
3815
454
4329
6766
2959
4330
9350
8586
6652
2631
7181
9923
1063
3822
4414
7263
7255
338
5512
5730
7585
9048
4603
7875
2317
891
336
7316
6602
8748
2963
1219
1680
8086
1185
5635
6320
1748
6657
4516
5414
384
1446
6297
9681
279
8320
4293
4029
695
9284
7473
8487
7249
6779
4041
6738
2523
4955
2219
950
8131
7116
6645
7202
8692
5482
5940
4569
5551
442
1191
9240
5774
9282
4987
2105
6202
1830
4640
6410
4823
9213
8486
9984
5677
4108
9582
3664
9336
5737
4176
7058
7626
9367
9692
4089
2779
7343
5487
8429
2962
9584
5222
2733
3557
